1434013658.648,31441,27743,28013
